20
0 23 39 39 93 81 61 5 27 72 93 10 9 16 29 82 74 97 10 52
24 0 23 8 42 5 92 37 53 14 84 14 100 75 61 88 24 15 50 12
8 15 0 27 15 87 38 60 88 20 89 7 29 100 82 69 46 21 84 31
27 89 3 0 13 16 47 75 23 10 20 20 69 45 69 3 59 93 20 40
49 3 13 60 0 33 19 92 49 26 61 4 87 59 57 45 81 1 85 36
19 28 83 3 32 0 10 97 31 21 67 32 52 33 17 47 24 31 42 95
31 48 6 99 11 88 0 50 43 79 98 80 62 37 51 24 61 40 17 22
27 48 29 95 53 97 35 0 34 92 70 6 31 58 71 68 47 29 9 36
3 75 95 43 56 11 76 95 0 53 50 93 59 83 76 92 79 91 51 42
35 11 72 57 68 23 57 96 33 0 34 59 75 12 88 10 61 24 72 39
88 7 47 24 30 58 4 23 11 93 0 99 2 46 3 82 6 85 20 74
38 81 43 31 30 96 27 18 91 4 55 0 84 79 89 79 91 47 24 14
78 1 14 44 14 77 7 71 26 39 10 63 0 8 80 9 83 42 88 18
77 30 30 50 33 24 88 82 80 92 71 82 20 0 98 86 83 65 49 17
46 20 51 94 44 45 93 28 37 49 2 15 1 73 0 4 20 77 59 70
81 37 29 24 29 79 59 78 89 81 58 89 27 34 94 0 70 14 39 80
47 7 6 4 95 68 16 37 84 60 23 44 88 51 63 100 0 55 27 62
14 70 70 34 11 75 90 12 62 84 61 53 57 14 100 26 92 0 99 17
75 48 18 22 35 77 81 80 45 63 50 57 93 94 17 95 30 72 0 2
30 28 12 76 39 87 45 36 71 16 86 48 65 100 38 61 24 64 96 0